window.SIM_DATA = {"abs":{"countries":["Albania","Andorra","Angola","Argentina","Armenia","Aruba","Australia","Austria","Azerbaijan","Bahamas","Bahrain","Bangladesh","Barbados","Belarus","Belgium","Belize","Benin","Bermuda","Bolivia","Bosnia and Herzegovina","Botswana","Brazil","Bulgaria","Burkina Faso","Cambodia","Cameroon","Canada","Cape Verde","Cayman Islands","Chad","Chile","China","Colombia","Congo","Costa Rica","Croatia","Cuba","Cyprus","Czech Republic","Denmark","Dominican Republic","Ecuador","Egypt","El Salvador","Estonia","Ethiopia","European Union","Fiji","Finland","France","Gabon","Georgia","Germany","Ghana","Greece","Guatemala","Guinea","Honduras","Hong Kong","Hungary","Iceland","India","Indonesia","Iraq","Ireland","Isle of Man","Israel","Italy","Ivory Coast","Jamaica","Japan","Jordan","Kazakhstan","Kenya","Kuwait","Kyrgyzstan","Laos","Latvia","Liechtenstein","Lithuania","Luxembourg","Macau","Macedonia","Madagascar","Malaysia","Maldives","Mali","Malta","Mauritius","Mexico","Moldova","Mongolia","Montenegro","Morocco","Mozambique","Netherlands","New Zealand","Nicaragua","Niger","Nigeria","Norway","Oman","Pakistan","Panama","Papua New Guinea","Paraguay","Peru","Philippines","Poland","Portugal","Qatar","Republic of the Congo","Romania","Russia","Rwanda","San Marino","Saudi Arabia","Senegal","Serbia","Singapore","Slovakia","Slovenia","Solomon Islands","South Africa","South Korea","Spain","Sri Lanka","St Vincent and The Grenadines","Suriname","Swaziland","Sweden","Switzerland","Taiwan","Tajikistan","Tanzania","Thailand","Togo","Trinidad and Tobago","Tunisia","Turkey","Uganda","Ukraine","United Arab Emirates","United Kingdom","United States","Uruguay","Uzbekistan","Venezuela","Vietnam","Zambia"],"years":[2000,2001,2002,2003,2004,2005,2006,2007,2008,2009,2010,2011,2012,2013,2014,2015,2016,2017,2018,2019,2020,2021,2022,2023,2024,2025],"distances":[[0.0,7.0753,7.9839,6.5094,6.8837,8.5637,7.0248,7.9824,6.7353,8.5845,8.3502,9.8563,7.2588,8.9152,8.1715,6.8757,4.4313,7.79,8.6598,6.3747,8.7253,6.9601,6.2165,8.7258,5.099,8.258,7.0493,7.5164,5.099,5.099,7.7381,7.2327,6.9451,5.7478,7.0784,3.0985,8.7519,5.5758,5.8626,7.0994,5.5408,7.4242,7.7572,7.922,6.4733,9.4773,6.6407,7.4538,7.9863,8.87,8.6875,5.4819,5.099,7.5241,5.7958,4.9883,5.099,5.0378,7.2346,7.0185,5.6559,6.3651,5.9985,8.2131,6.2202,8.3564,6.8032,7.4783,2.0783,3.968,7.6508,6.6076,6.57,8.8799,7.5499,7.027,8.7808,5.2167,5.099,5.6483,5.099,7.0117,7.698,5.099,6.9978,9.4549,9.2016,5.6636,8.5963,7.5556,5.4812,5.1629,7.3444,6.5024,7.7012,5.4675,5.713,5.6674,9.7601,8.4195,5.099,7.3903,7.479,7.2099,8.3977,5.4134,6.7939,5.5941,6.4995,5.9085,6.6092,8.3972,6.9003,6.982,5.7457,3.3006,6.4679,9.2069,4.5883,7.0493,7.2154,5.7789,9.0498,8.4065,6.1129,6.8421,8.0268,7.9671,8.6093,2.0783,6.9854,5.099,4.2631,2.0783,2.0783,6.9792,3.3006,8.2263,8.5262,6.7685,8.9112,8.9251,6.8864,8.6657,8.5133,5.9143,3.7755,8.1627,3.6405,7.5479],[7.0753,0.0,2.6367,5.5121,2.5998,2.6955,8.1957,1.8246,4.7763,2.5066,2.4656,5.3354,1.2275,3.5053,2.0995,3.9411,8.5644,1.1237,5.9765,6.6954,2.8505,6.0531,8.3296,4.7532,5.099,5.6406,8.0745,2.2765,5.099,5.099,7.115,8.1411,8.5866,4.0102,3.3858,5.5072,3.4264,1.9501,9.5235,7.8194,7.3352,6.5912,1.9189,1.7515,9.2687,4.7497,2.4437,3.0518,1.9952,2.6388,2.579,9.5819,5.099,4.1033,1.721,7.4022,5.099,8.261,7.8614,1.2014,2.805,8.6612,9.6496,2.0987,1.4653,2.0609,9.111,1.2241,7.7792,4.2506,1.7491,2.3467,7.3439,3.8173,6.731,5.4654,4.4595,6.3465,5.099,7.4941,5.099,8.446,1.4235,5.099,8.3271,4.0352,4.053,5.6451,6.5491,7.674,8.7619,3.8317,1.5425,7.5468,1.4441,5.7522,5.8831,7.1271,5.5233,2.3393,5.099,3.0562,3.9585,8.8935,2.8252,9.2348,9.2353,8.7919,8.5776,1.7209,8.1789,2.1543,8.5683,6.4511,8.1286,7.6058,7.6336,7.8219,8.274,8.0745,8.0779,3.3993,4.1411,2.5987,9.6169,1.0526,3.0017,1.7702,4.0196,7.7792,8.3861,5.099,6.5397,7.7792,7.7792,8.4157,7.6058,3.9091,2.3845,7.2052,3.0509,3.4082,8.8581,2.6456,2.6676,8.1617,5.2573,1.9144,7.8048,2.1662],[7.9839,2.6367,0.0,5.1156,2.808,2.477,7.67,2.4724,3.1062,2.6366,1.8712,3.8715,2.5759,3.47,2.1066,5.4176,9.622,3.2395,3.8775,6.2913,3.4932,5.1189,8.2657,4.0728,5.099,5.0895,7.6119,2.542,5.099,5.099,5.6724,7.0247,6.6787,4.0062,2.5477,6.4626,3.0007,3.1492,8.6692,7.4911,8.4763,5.1995,2.4794,2.8602,8.0303,4.0201,3.3275,5.6898,2.3033,2.7503,2.1379,9.008,5.099,3.2544,3.3634,6.9002,5.099,9.1548,6.7855,3.8206,6.6764,7.305,8.8019,1.9368,3.8382,2.6192,7.2002,2.4342,8.356,6.7096,3.3599,2.7231,6.6762,3.202,5.3999,4.7194,3.1626,8.3528,5.099,8.5381,5.099,7.3526,3.7794,5.099,7.7334,2.9928,2.969,5.7966,3.1259,5.698,8.136,3.5501,2.1135,6.1251,2.0319,6.6922,6.6547,7.0034,3.9559,2.0617,5.099,1.9362,4.5966,6.6981,1.9204,8.588,7.35,8.7078,8.1513,3.5403,7.4425,2.0697,7.7163,6.2848,8.5247,8.0217,6.8248,5.8501,8.4311,7.6119,7.0562,3.8575,3.1047,1.8892,8.6098,2.4756,2.2798,2.7268,2.3946,8.356,7.7621,5.099,8.4135,8.356,8.356,7.7765,8.0217,2.5833,2.0605,5.1464,2.7164,3.1679,7.9867,2.613,2.9236,8.3641,5.315,1.5789,8.6202,2.2786],[6.5094,5.5121,5.1156,0.0,5.4204,6.2182,6.7631,5.7229,4.8435,6.1872,4.7045,6.7138,5.6863,6.4513,6.0802,3.712,7.3233,6.068,5.0566,4.8249,6.4332,4.7025,6.0118,6.0235,5.099,4.5173,7.2389,5.7198,5.099,5.099,4.8258,5.2415,4.8993,5.662,5.0253,5.5449,6.2325,5.328,6.523,8.4104,5.8199,5.3492,5.6639,5.9481,6.7859,6.4886,5.3392,5.2535,4.6023,6.1529,5.8496,6.0828,5.099,5.1851,4.9058,4.8948,5.099,6.2319,5.4632,5.5197,5.0796,5.6084,6.3007,5.7005,5.6617,6.0376,5.2074,5.7029,6.9849,5.5157,5.5706,4.5967,5.9512,6.1128,5.1861,5.6388,5.8822,5.0829,5.099,5.7255,5.099,6.0458,6.3848,5.099,6.6185,6.3022,6.2005,4.876,5.76,5.3751,5.3237,4.2752,5.4635,5.1072,5.5913,5.7588,5.8437,4.5214,6.9206,5.9351,5.099,4.647,4.3388,4.6097,5.0559,6.045,5.418,6.6356,6.3378,5.8144,5.812,5.6673,6.0197,5.9013,6.5819,7.0419,5.4544,6.4682,5.6693,7.2389,5.6246,4.2466,6.2982,5.0101,6.87,5.295,5.3709,5.8082,4.9435,6.9849,6.5083,5.099,6.151,6.9849,6.9849,6.1691,7.0419,4.7706,5.7887,4.6219,6.0997,5.6586,5.8593,6.0651,6.3908,5.8068,5.7137,4.9756,5.9182,5.3349],[6.8837,2.5998,2.808,5.4204,0.0,3.6164,8.0346,2.6056,4.4334,3.6059,3.0155,5.5576,2.395,4.2289,2.6354,4.5169,8.6462,2.9813,5.8884,6.8424,3.7212,6.0699,8.2497,4.4773,5.099,6.0561,7.9324,2.951,5.099,5.099,6.7625,7.9438,7.9024,3.7492,2.8891,5.7889,3.8243,2.3788,9.0583,7.718,8.3822,6.287,2.1408,2.6003,8.8464,4.8613,1.5342,4.3376,2.5684,3.5276,2.5206,9.2619,5.099,3.6803,2.9882,7.2618,5.099,8.3217,7.6172,2.6304,4.5572,8.0799,9.3138,2.102,2.5927,3.1581,8.6978,2.4401,7.8812,4.9,3.4033,3.411,7.1986,4.2964,6.3993,4.7407,4.0324,6.4335,5.099,7.5199,5.099,8.1229,3.0851,5.099,8.1456,3.6023,3.7482,5.0152,5.6882,7.0623,8.5543,3.5878,3.2451,6.9394,1.7675,4.5715,6.0643,7.6644,5.783,3.3382,5.099,3.6571,4.4234,8.208,3.4064,9.3082,8.5616,9.1862,8.3658,2.3346,7.9881,2.4955,8.3808,6.5104,7.9907,7.6816,7.4793,7.7243,8.2815,7.9324,7.9738,2.9755,3.6081,3.5671,9.3636,1.9528,2.5735,2.7475,3.6834,7.8812,8.1956,5.099,7.474,7.8812,7.8812,8.2207,7.6816,4.3377,3.3082,6.6723,3.526,3.9849,8.5831,3.2625,3.0965,8.81,4.699,2.487,7.6113,2.1545],[8.5637,2.6955,2.477,6.2182,3.6164,0.0,8.1942,1.7083,5.7856,1.2668,2.23,3.4772,2.2081,1.3457,1.6475,5.3677,9.7604,2.4011,5.515,7.3832,1.4888,6.5743,8.8535,2.6996,5.099,5.7474,8.0731,1.7492,5.099,5.099,7.0317,8.1062,8.2474,4.9749,3.1281,7.5884,1.053,4.8263,9.5592,7.8185,8.5596,6.8054,2.256,1.7144,9.11,3.185,3.6249,3.7037,2.7203,1.8146,3.0281,9.7897,5.099,2.8957,4.6532,8.2706,5.099,9.2697,7.8781,3.7452,5.5085,8.7172,9.7272,3.0918,4.5054,1.4481,8.5527,2.2621,8.8063,6.9139,2.8302,3.1856,7.7934,3.0168,6.8266,4.0179,3.2711,7.6541,5.099,8.6248,5.099,8.352,3.0229,5.099,8.3254,2.9762,2.8764,7.0314,5.8873,7.491,8.8246,5.0903,2.3038,7.7225,1.8645,6.8307,7.4973,8.2832,3.4124,1.7371,5.099,3.1151,3.1484,8.457,2.2684,9.5513,8.9128,9.2841,8.8783,4.1925,8.4176,1.3267,8.5661,7.0757,9.28,8.2783,7.907,6.7612,9.5762,8.0731,8.0073,5.5184,2.9226,2.4299,9.6315,3.4599,2.394,1.8491,3.427,8.8063,8.3844,5.099,8.4435,8.8063,8.8063,8.4139,8.2783,3.6369,1.3347,7.0931,1.4053,2.0991,8.8397,1.6106,2.192,8.8549,5.7861,2.0291,9.357,1.7054],[7.0248,8.1957,7.67,6.7631,8.0346,8.1942,0.0,8.2676,6.9567,8.224,6.856,7.6137,8.3759,8.1838,8.2272,9.1631,6.3481,8.5025,7.1268,4.7727,8.2717,4.6232,2.5572,7.8631,5.099,7.1782,1.2152,8.2177,5.099,5.099,3.8431,3.116,4.3811,7.744,7.6728,7.1727,8.0551,7.9887,2.8128,2.6401,6.6367,6.7437,8.4401,8.3809,2.4435,7.7176,8.1938,9.4158,7.0902,8.1947,7.9636,5.4398,5.099,7.7515,7.676,5.8759,5.099,5.8405,2.9186,8.1981,7.9578,2.8695,3.6095,8.0346,8.2448,8.2394,3.8689,8.3685,6.857,8.0884,8.9978,7.1269,2.3525,7.9899,3.3147,7.631,7.6975,5.6872,5.099,3.8003,5.099,2.2054,8.5996,5.099,0.716,7.7595,7.7572,6.5968,6.8032,2.8398,5.2577,6.7624,8.114,4.1542,8.1111,7.5486,4.4215,7.3098,7.624,8.2151,5.099,6.7888,7.2668,4.5422,7.7855,5.6388,3.6711,6.0987,1.4824,8.4774,2.1182,8.0568,2.2535,2.8877,6.3695,6.9677,2.9685,6.9677,4.6736,1.2152,2.0478,6.5973,7.773,7.0109,3.0249,7.9787,7.8977,8.3292,6.6383,6.857,0.8124,5.099,8.8121,6.857,6.857,1.3204,6.9677,6.2366,8.0214,4.6266,8.1203,7.7216,2.8171,8.0473,8.2636,6.6003,7.5303,7.9263,5.3081,7.9843],[7.9824,1.8246,2.4724,5.7229,2.6056,1.7083,8.2676,0.0,5.0795,1.8899,2.1246,4.4804,1.7839,2.3961,1.5967,4.8955,9.6103,1.2753,5.8105,7.0819,1.6001,6.3726,8.7981,4.0084,5.099,5.9817,8.1379,2.3398,5.099,5.099,6.9903,8.2196,8.3795,4.5624,3.2388,6.6492,2.3555,3.4135,9.623,7.8649,8.5307,6.4496,1.05,0.8874,9.2853,4.0466,3.0208,3.5807,1.6359,1.9853,2.0514,9.8766,5.099,3.868,3.2152,7.8926,5.099,9.3554,7.9266,2.3375,4.725,8.7212,9.85,1.7815,2.902,1.4647,9.0187,1.3902,8.3628,5.9145,1.7814,2.6248,7.5904,3.3381,6.7015,5.4368,3.8629,7.6008,5.099,8.5649,5.099,8.4495,1.6141,5.099,8.4079,3.2179,3.1969,6.859,5.7036,7.4969,8.8058,4.3508,1.7021,7.5571,1.5503,6.377,6.7839,7.7924,4.6848,2.1226,5.099,3.2591,3.5061,8.6543,2.4185,9.6859,9.0741,9.5103,8.9401,2.506,8.3769,1.2971,8.7312,6.9206,9.1076,8.0267,7.8122,7.3017,9.2617,8.1379,8.1945,4.261,3.4968,2.3071,9.8461,1.8834,2.874,0.2368,3.468,8.3628,8.4709,5.099,7.6983,8.3628,8.3628,8.5025,8.0267,3.6499,1.4519,6.9143,2.0765,3.0035,8.9568,1.9613,2.1491,8.9266,5.6099,1.2922,8.9469,2.2339],[6.7353,4.7763,3.1062,4.8435,4.4334,5.7856,6.9567,5.0795,0.0,5.8609,3.6982,6.3422,5.0199,6.2014,5.0885,6.1854,7.7351,5.6344,3.8745,4.5265,6.2469,3.3042,6.398,5.8012,5.099,5.5587,6.9903,4.944,5.099,5.099,4.3018,5.4658,4.9555,4.5712,3.7155,5.3986,6.0212,3.8585,6.9317,7.0589,7.0578,3.9439,5.0422,5.4945,6.5589,6.1519,4.6082,6.8792,3.7935,5.5149,4.8422,7.1255,5.099,4.5109,4.0249,5.0216,5.099,6.6074,5.2677,5.7638,6.9733,5.8296,7.0718,4.6115,4.9464,5.4273,6.04,4.7686,7.4253,6.211,5.5991,3.2657,5.2571,5.5715,4.3326,5.2791,5.2595,7.1544,5.099,6.4845,5.099,6.0671,5.9965,5.099,6.9185,5.5491,5.715,2.8575,3.7769,4.6596,6.8701,2.7396,4.1512,4.5463,4.6454,5.7923,5.9151,5.0154,6.5626,5.0701,5.099,2.6956,5.9153,5.0321,4.0015,6.8639,5.6502,6.9315,6.3477,5.0535,6.046,4.8949,6.6746,4.6227,5.2147,7.3602,5.256,5.8655,5.7934,6.9903,6.0309,2.8401,5.5995,3.9122,6.8957,4.3163,4.5139,5.2396,3.3958,7.4253,6.9026,5.099,7.6124,7.4253,7.4253,6.894,7.3602,3.4378,5.1887,3.2716,5.5448,5.3195,6.6138,5.4164,5.2467,6.8903,5.2095,3.8,6.5118,4.5731],[8.5845,2.5066,2.6366,6.1872,3.6059,1.2668,8.224,1.8899,5.8609,0.0,2.2862,3.4117,1.8121,1.154,1.8719,5.1446,9.8604,1.8537,4.9776,7.6865,1.2582,6.7454,8.945,2.9773,5.099,5.3799,8.0994,2.1248,5.099,5.099,7.0962,8.1843,8.2047,4.8914,3.2907,7.8076,1.3694,4.8431,9.5943,7.8373,8.6417,6.4376,2.1261,1.4678,9.083,2.3368,4.0258,3.8547,2.6018,1.1623,2.2232,9.8364,5.099,2.7137,4.5901,8.4711,5.099,9.4304,7.9729,3.4744,5.6602,8.5809,9.7404,2.4652,4.3958,0.9973,8.4366,2.0166,8.9192,6.8672,2.5355,3.4313,7.9221,2.5873,6.7954,3.9525,3.1467,7.8859,5.099,8.8537,5.099,8.4264,2.6075,5.099,8.3589,2.9458,1.8582,7.4599,5.4917,7.2818,8.7514,5.2498,2.1765,7.6498,1.956,6.7972,7.6063,8.0051,3.3073,1.329,5.099,3.4346,3.4991,8.3353,2.1884,9.5484,8.8302,9.4153,8.961,4.0833,8.5075,1.3118,8.5264,7.2113,9.2816,8.3686,8.0944,6.4698,9.6973,8.0994,7.9633,5.4792,2.8291,2.2674,9.6723,3.2454,1.8994,2.0281,3.6162,8.9192,8.4195,5.099,8.5371,8.9192,8.9192,8.4498,8.3686,3.9085,1.0971,7.1187,1.277,2.0739,8.8873,1.0862,2.2518,8.8084,5.9551,2.1499,9.4571,1.4251],[8.3502,2.4656,1.8712,4.7045,3.0155,2.23,6.856,2.1246,3.6982,2.2862,0.0,3.4313,2.5941,2.3395,2.5589,5.9347,9.9239,2.666,3.5612,5.4849,2.436,3.9189,7.223,3.4108,5.099,4.1924,6.8769,3.0764,5.099,5.099,4.209,5.684,5.8065,4.7778,2.5949,6.861,2.3468,3.8963,7.8985,6.9813,8.7302,5.4291,2.6862,2.3303,7.2895,3.7076,3.8549,5.2688,1.2465,2.6098,2.1476,8.8295,5.099,3.4642,3.521,6.3869,5.099,9.0159,5.479,3.0681,6.0153,6.5231,8.1279,2.1361,3.8053,2.2227,6.4277,2.5173,8.5674,6.7658,3.4608,2.5466,5.8324,3.2926,3.9518,4.7893,3.0822,7.6075,5.099,7.5517,5.099,6.4682,3.1768,5.099,6.8391,2.738,2.9011,6.2036,3.2233,5.0166,7.5937,3.4694,2.3861,5.0868,2.1977,6.7204,6.2301,7.4633,3.6277,2.472,5.099,1.9899,3.5031,6.0209,2.0545,8.282,6.6222,8.679,7.29,3.6285,6.3795,1.8205,6.6526,5.3158,8.9321,8.2218,5.8692,6.0998,8.0234,6.8769,5.764,3.9339,2.8766,1.65,8.1137,2.505,2.7201,2.2639,1.0164,8.5674,6.8178,5.099,8.9864,8.5674,8.5674,6.8071,8.2218,1.4797,1.9762,4.3896,2.6883,2.2714,6.8255,2.0794,3.0443,8.2293,5.6094,1.5776,8.5114,2.4079],[9.8563,5.3354,3.8715,6.7138,5.5576,3.4772,7.6137,4.4804,6.3422,3.4117,3.4313,0.0,4.2094,2.8374,4.4409,6.7565,9.3575,4.7912,4.6596,8.0853,3.1357,7.0591,8.2825,2.8679,5.099,5.5222,7.5625,5.1622,5.099,5.099,6.6989,7.4271,7.2785,6.3904,3.839,9.4277,2.9059,7.4622,8.4848,7.4563,8.5855,6.4987,5.1274,4.3662,7.9457,1.6729,6.3422,6.0919,4.3398,3.1833,2.4834,8.6282,5.099,3.4781,7.3034,8.9008,5.099,8.7197,7.3594,6.2427,7.7139,7.9137,8.466,3.6395,7.2016,3.4732,7.0898,4.7642,10.04,8.6085,5.3824,5.8408,7.7906,3.0541,6.5967,3.9053,2.2686,8.0344,5.099,8.4019,5.099,7.654,5.343,5.099,7.6695,1.1162,1.9882,7.8144,4.0394,6.7163,8.463,7.0408,5.1808,7.4219,4.3672,7.5625,8.3834,8.5493,0.542,3.4435,5.099,4.879,4.7981,7.2395,3.3802,8.673,7.6959,8.4522,8.0769,6.9016,7.995,2.9165,7.6624,7.2255,8.5647,9.2634,7.9258,3.4723,9.1547,7.5625,7.2192,7.2795,2.1026,3.7164,8.3545,6.0729,3.1814,4.5406,3.5484,10.04,7.6948,5.099,9.2106,10.04,10.04,7.7075,9.2634,4.4609,3.1809,6.9718,3.219,3.3094,7.8931,2.5714,4.1177,8.4447,7.1978,3.6516,9.273,3.629],[7.2588,1.2275,2.5759,5.6863,2.395,2.2081,8.3759,1.7839,5.0199,1.8121,2.5941,4.2094,0.0,2.72,1.7866,4.2176,8.9417,1.4318,5.3479,7.3844,2.1814,6.5896,8.79,3.8997,5.099,5.1674,8.2337,2.1519,5.099,5.099,7.2448,8.3594,8.4095,3.9424,2.9087,5.7382,2.6022,2.389,9.5951,7.9336,8.0162,6.3654,1.7752,1.5211,9.2531,4.2444,2.6902,3.6356,2.2053,2.4937,2.1949,9.7223,5.099,3.144,2.2943,7.8012,5.099,8.6845,8.1517,1.557,4.4735,8.6186,9.8336,1.8442,1.7509,1.4872,8.9024,1.3663,7.9518,4.702,1.8252,2.7636,7.7658,3.4013,6.8713,4.5645,2.9521,7.4679,5.099,8.2724,5.099,8.5985,1.9769,5.099,8.5295,3.2488,3.2479,6.387,5.3329,7.3725,8.5033,4.2706,1.866,7.579,1.0281,5.375,6.4046,7.1955,4.2453,1.847,5.099,3.4198,3.7954,8.4961,2.473,9.4852,8.9922,9.4274,8.9552,1.7908,8.5191,1.655,8.7617,7.0294,8.3419,7.7229,8.0821,7.3302,8.7003,8.2337,8.24,3.7798,3.2504,2.7893,9.808,1.4289,1.8307,1.8027,3.9293,7.9518,8.5985,5.099,6.9446,7.9518,7.9518,8.633,7.7229,4.2938,1.8904,6.961,2.4069,2.9931,9.0626,2.0468,2.9113,8.6327,4.9641,1.8783,8.2216,1.4317],[8.9152,3.5053,3.47,6.4513,4.2289,1.3457,8.1838,2.3961,6.2014,1.154,2.3395,2.8374,2.72,0.0,2.8171,5.321,9.6832,2.7151,5.1037,7.8388,1.5433,7.0398,8.8751,2.3494,5.099,5.4741,8.0639,3.0,5.099,5.099,7.2456,8.1684,8.2897,5.9809,3.3054,8.3191,1.2439,5.467,9.4943,7.8119,8.3752,6.6054,2.6314,1.9744,9.0249,2.0198,4.6896,3.8802,2.94,1.4793,2.7879,9.6745,5.099,2.7921,5.1123,8.8474,5.099,9.1346,7.977,3.7693,5.7945,8.6748,9.573,3.2626,4.8523,1.7786,8.3883,3.0334,9.2836,7.0382,3.3211,3.9947,8.0261,2.5651,7.0076,3.8464,2.7434,7.6999,5.099,8.7358,5.099,8.3883,3.2791,5.099,8.3137,2.4767,2.2559,7.5458,5.6867,7.4809,8.7003,5.8014,3.0279,7.9076,2.5804,6.6788,7.8391,8.0828,2.6935,1.875,5.099,4.0041,3.3692,8.4088,2.6086,9.3097,8.8391,8.9606,8.8431,4.6517,8.5534,1.4664,8.4775,7.2337,9.1231,8.6997,8.1607,5.9071,9.6523,8.0639,7.9667,5.5878,2.5245,2.6554,9.4918,3.8543,2.2392,2.4799,3.6581,9.2836,8.372,5.099,8.7952,9.2836,9.2836,8.4013,8.6997,4.072,1.6582,7.5516,1.3847,1.4868,8.823,1.269,2.4618,8.5563,6.5889,2.2299,9.4545,2.1335],[8.1715,2.0995,2.1066,6.0802,2.6354,1.6475,8.2272,1.5967,5.0885,1.8719,2.5589,4.4409,1.7866,2.8171,0.0,5.1425,9.6051,1.8868,5.6974,7.1716,2.879,6.2924,8.732,3.7005,5.099,6.0232,8.1023,1.8151,5.099,5.099,7.0285,8.1673,8.3347,4.677,3.5636,7.082,2.3671,3.7538,9.5663,7.8393,8.6928,6.7243,1.174,2.1828,9.1973,3.7198,3.2152,3.6725,2.0418,1.7702,1.8577,9.7933,5.099,3.7281,3.7199,7.9623,5.099,9.1631,7.8754,2.8591,4.4981,8.7286,9.7627,1.6348,3.3132,1.7822,8.8484,1.2019,8.5927,6.1361,2.1924,2.8971,7.5623,3.4414,6.6941,4.9682,4.3767,7.1907,5.099,8.3568,5.099,8.378,2.1535,5.099,8.3625,3.6089,3.1305,6.4073,5.9007,7.5251,8.9698,4.6734,2.0347,7.6664,1.5599,6.3532,6.8178,8.335,4.7364,1.7772,5.099,3.2091,4.3606,8.6782,2.2689,9.7824,9.0049,9.6228,8.8322,3.2257,8.3519,1.7408,8.6523,6.8806,8.9814,8.1931,7.7936,7.301,9.2619,8.1023,8.1286,4.6228,4.1079,2.435,9.7554,2.1151,2.7769,1.8501,3.7948,8.5927,8.4233,5.099,8.067,8.5927,8.5927,8.4537,8.1931,3.5676,1.2462,7.0394,1.8026,2.7283,8.8924,1.9165,1.5875,9.1918,6.3049,1.6847,8.9839,2.135],[6.8757,3.9411,5.4176,3.712,4.5169,5.3677,9.1631,4.8955,6.1854,5.1446,5.9347,6.7565,4.2176,5.321,5.1425,0.0,7.8111,3.7032,5.8912,7.9615,4.9484,7.9012,9.1065,5.8798,5.099,4.7944,8.9781,4.8479,5.099,5.099,8.6366,8.883,7.7565,5.6413,5.7647,6.3865,5.6224,4.5319,8.8963,8.5507,5.0365,5.5089,4.6978,4.2776,9.0417,6.466,4.1584,2.595,5.7963,5.3002,6.0739,7.7016,5.099,5.3847,4.2247,6.3552,5.099,7.7154,8.9116,3.2635,4.0872,9.1959,8.9517,5.5335,3.4502,4.8921,8.1238,4.3775,7.4272,4.4321,3.4724,5.4541,8.6225,5.5581,8.6351,6.1093,6.2988,6.463,5.099,8.363,5.099,9.1516,3.5944,5.099,9.3189,6.4075,6.3806,6.1524,7.0176,8.6548,5.5664,5.9537,4.5447,8.755,4.8877,5.0143,7.5167,4.9654,6.8529,4.7617,5.099,5.9559,4.1302,7.5333,5.0953,6.7298,8.6382,6.7701,8.9306,3.8514,9.1549,5.17,9.3405,8.3301,7.5509,7.3615,8.7363,7.063,8.5589,8.9781,9.1056,5.4698,6.383,5.9875,8.887,4.2746,5.484,4.7807,7.0291,7.4272,9.441,5.099,5.0421,7.4272,7.4272,9.454,7.3615,6.7276,5.2645,7.7325,5.436,5.0646,9.3299,5.4978,5.2023,5.4777,6.2524,5.1255,8.0515,5.166],[4.4313,8.5644,9.622,7.3233,8.6462,9.7604,6.3481,9.6103,7.7351,9.8604,9.9239,9.3575,8.9417,9.6832,9.6051,7.8111,0.0,9.3388,7.0347,6.049,9.7732,6.9112,5.1464,9.069,5.099,7.7795,6.5,8.7479,5.099,5.099,6.1491,5.4781,4.0369,6.4297,8.3809,3.6189,9.8147,6.7224,3.7848,6.7264,4.4527,6.1901,9.2089,9.6193,4.5585,9.5768,7.7351,8.1149,9.6193,9.8286,10.1839,3.2083,5.099,9.0694,6.8952,4.8288,5.099,1.716,5.6213,8.3199,6.5906,4.7031,3.3267,9.9206,7.2239,9.9171,4.2497,9.0369,4.4159,5.0739,9.0759,7.7844,6.201,9.3476,6.5568,8.2705,9.3879,5.2652,5.099,4.5279,5.099,5.5083,9.1385,5.099,6.1299,9.6935,9.6172,6.0254,7.3334,5.6802,4.778,6.4672,8.6809,5.2212,9.4796,6.5,5.1636,4.4483,9.3612,9.8962,5.099,8.6539,8.8814,4.1838,9.7653,3.1963,3.7893,2.9472,5.2031,7.1116,5.6118,10.0332,5.5243,7.2144,3.9079,5.4299,6.0529,6.971,3.2874,6.5,6.0826,7.0247,9.6256,9.8049,3.4174,8.2921,9.5426,9.575,8.74,4.4159,6.2016,5.099,3.8527,4.4159,4.4159,6.0728,5.4299,8.9709,9.9698,5.1637,9.8844,9.2984,5.2844,10.0294,9.4442,4.3302,5.5116,9.8893,2.8317,9.2083],[7.79,1.1237,3.2395,6.068,2.9813,2.4011,8.5025,1.2753,5.6344,1.8537,2.666,4.7912,1.4318,2.7151,1.8868,3.7032,9.3388,0.0,5.726,7.4353,2.0242,6.9159,9.0145,4.618,5.099,5.5437,8.3458,2.6506,5.099,5.099,7.7657,8.7457,8.948,4.4667,3.6938,6.4431,3.069,3.3525,9.8466,8.0144,7.7175,6.6624,1.5016,1.2643,9.5522,4.25,3.0578,2.8595,2.1767,2.0653,2.479,9.9223,5.099,4.1285,2.8108,8.2906,5.099,9.1547,8.4817,1.8893,3.9875,9.0744,10.0098,2.198,2.494,1.6481,9.3626,1.2424,8.2171,5.3686,1.2506,2.7676,7.9651,3.3989,7.3637,5.5832,4.1953,7.3198,5.099,8.6264,5.099,8.8236,0.9346,5.099,8.6715,3.7179,3.605,7.0213,6.4346,7.9844,8.6531,4.6951,1.6432,8.207,1.8492,6.3511,6.7767,7.1222,5.0247,1.9293,5.099,3.7884,3.8637,9.1436,2.8338,9.48,9.4924,9.1867,9.1629,2.2837,8.7402,1.9162,8.9856,7.2685,8.8571,7.8995,8.2695,7.4722,9.3056,8.3458,8.5445,4.4804,4.0111,2.7366,9.9937,1.6864,3.0372,1.1627,4.5171,8.2171,8.7473,5.099,6.9075,8.2171,8.2171,8.7852,7.8995,4.3994,2.036,7.6234,2.4512,3.1042,9.3287,2.2866,2.4267,8.3774,5.7393,2.019,8.8079,2.4849],[8.6598,5.9765,3.8775,5.0566,5.8884,5.515,7.1268,5.8105,3.8745,4.9776,3.5612,4.6596,5.3479,5.1037,5.6974,5.8912,7.0347,5.726,0.0,5.9236,5.0875,4.1363,7.1389,4.6975,5.099,3.7277,7.6047,6.0068,5.099,5.099,4.3837,5.3564,4.0889,6.3868,4.4122,8.3943,4.9772,7.2723,6.6586,7.486,5.9616,3.6776,6.2822,5.609,6.3831,4.5459,6.8741,5.174,4.484,5.3803,4.8094,6.0021,5.099,4.4749,7.53,5.9702,5.099,6.2082,5.3623,6.7157,5.8253,6.0409,6.4197,5.0174,7.3054,5.1896,4.3349,5.8241,8.8892,6.828,6.3809,5.2509,6.1948,2.348,4.6873,5.2911,4.733,6.0046,5.099,6.9853,5.099,6.4352,6.1258,5.099,7.0577,4.5449,4.4552,6.5689,3.0485,5.0438,6.201,4.8164,5.8155,5.199,5.411,6.536,8.0264,4.9565,4.6783,3.6525,5.099,2.9494,4.2509,3.7271,3.0157,5.6829,5.0553,5.3794,6.7724,7.3185,6.517,4.824,6.5264,5.7521,6.6772,8.5129,6.014,3.5024,7.3805,7.6047,6.0843,6.2302,4.5781,3.3209,6.2976,6.8747,3.6452,6.1069,2.3453,8.8892,6.8926,5.099,8.3428,8.8892,8.8892,6.8985,8.5129,2.6713,4.5679,4.3015,5.1154,4.5925,6.2619,4.849,6.101,5.4929,6.9384,3.61,7.5431,4.8356],[6.3747,6.6954,6.2913,4.8249,6.8424,7.3832,4.7727,7.0819,4.5265,7.6865,5.4849,8.0853,7.3844,7.8388,7.1716,7.9615,6.049,7.4353,5.9236,0.0,7.631,2.528,3.7245,7.7115,5.099,6.2603,5.7109,6.8438,5.099,5.099,3.1614,3.1848,3.812,6.7395,6.3996,5.4453,7.4485,6.1108,4.4191,6.2104,6.3321,5.2058,7.1875,7.3789,4.9349,7.932,6.6956,8.0276,5.4484,7.3879,7.5492,4.3031,5.099,6.5954,5.4781,3.4169,5.099,5.0066,2.9393,6.6545,5.9224,4.6109,4.4523,7.3802,6.4301,7.4451,4.1364,7.1641,6.3905,6.7984,7.4479,4.5913,3.4858,7.8674,3.6839,6.8664,7.7929,4.4325,5.099,3.4717,5.099,4.1622,7.3832,5.099,4.6088,7.8744,7.8394,4.1688,7.2994,4.804,5.2788,4.1858,6.376,3.7511,7.0835,6.9201,3.4772,5.735,8.107,7.5156,5.099,4.8091,4.7888,4.386,6.415,4.8159,4.6186,5.1501,3.8286,6.9632,3.6274,7.2018,4.1188,3.4295,5.0859,6.6534,2.9197,7.1669,3.7895,5.7109,3.6775,4.1953,7.7807,5.5747,4.7465,6.2468,7.2111,7.1397,5.6222,6.3905,4.4261,5.099,7.1979,6.3905,6.3905,4.3391,6.6534,4.6374,7.0765,3.5099,7.4672,7.0263,4.1248,7.5244,7.1879,5.5416,6.5807,6.4063,4.4696,6.9798],[8.7253,2.8505,3.4932,6.4332,3.7212,1.4888,8.2717,1.6001,6.2469,1.2582,2.436,3.1357,2.1814,1.5433,2.879,4.9484,9.7732,2.0242,5.0875,7.631,0.0,7.1232,9.0951,2.7927,5.099,5.3327,8.1416,2.6297,5.099,5.099,7.4215,8.334,8.529,5.1326,3.017,7.9855,1.2203,5.3905,9.6317,7.8675,8.07,6.5557,1.9237,1.3782,9.1697,2.9532,4.2014,4.0141,2.2424,1.0307,2.44,9.7447,5.099,2.981,4.9019,8.7151,5.099,9.493,8.193,3.654,6.2411,8.7785,9.705,2.6403,4.9197,0.9269,8.3845,2.7547,8.8872,7.4822,2.7171,3.4055,8.1853,2.7009,7.1424,3.8252,2.8281,8.0894,5.099,9.0034,5.099,8.6105,2.6078,5.099,8.4125,2.5246,2.3416,7.6126,5.3801,7.5604,8.5755,5.1647,2.2694,8.0419,2.4762,7.2477,7.9907,7.6697,3.0872,1.7331,5.099,3.5701,3.1151,8.5539,2.3161,9.1957,8.9954,8.9396,9.0747,4.3832,8.6512,1.3418,8.6007,7.3648,9.3519,8.408,8.1905,6.1286,9.8834,8.1416,8.0251,5.5998,2.467,2.0354,9.5724,3.619,2.4665,1.5965,3.7899,8.8872,8.4757,5.099,8.3805,8.8872,8.8872,8.5074,8.408,4.2113,1.5777,7.4882,1.0713,2.4396,8.9634,1.1399,3.1719,8.3181,5.9228,1.7162,9.6574,1.7739],[6.9601,6.0531,5.1189,4.7025,6.0699,6.5743,4.6232,6.3726,3.3042,6.7454,3.9189,7.0591,6.5896,7.0398,6.2924,7.9012,6.9112,6.9159,4.1363,2.528,7.1232,0.0,3.9247,6.7687,5.099,5.0633,5.7065,6.2749,5.099,5.099,1.4612,2.3671,2.0488,6.1396,5.5518,5.8131,6.6081,5.6784,4.7049,6.0798,6.1717,3.6862,6.4443,6.7812,4.1604,6.7235,6.2034,8.6264,4.1539,6.5649,6.1863,5.2052,5.099,6.0103,5.1628,3.4182,5.099,6.1183,2.3419,6.5764,7.5297,3.1041,4.6273,6.0941,6.5196,6.6169,3.162,6.4483,7.1885,7.3659,7.1058,3.742,2.8035,6.6172,1.967,6.3911,6.6647,6.1576,5.099,4.9779,5.099,3.6334,7.1437,5.099,4.3731,6.6951,6.4872,3.8694,4.7174,2.3496,5.0792,3.5379,5.8087,1.8966,6.1565,6.5788,4.4588,4.5974,7.0777,6.5747,5.099,3.4353,5.6086,2.1719,5.2155,4.7575,2.803,4.9624,4.0841,6.6783,3.4339,6.2579,3.9519,2.3618,6.1716,7.1906,2.6372,5.8935,4.0869,5.7065,3.0447,3.4404,6.646,4.2158,4.5271,5.4789,6.2614,6.5237,3.9824,7.1885,4.3016,5.099,8.0426,7.1885,7.1885,4.1947,7.1906,3.0836,6.1218,1.4819,6.5656,5.9729,3.781,6.497,6.4604,5.2279,6.3605,5.1799,5.6134,6.1611],[6.2165,8.3296,8.2657,6.0118,8.2497,8.8535,2.5572,8.7981,6.398,8.945,7.223,8.2825,8.79,8.8751,8.732,9.1065,5.1464,9.0145,7.1389,3.7245,9.0951,3.9247,0.0,8.3967,5.099,7.1235,3.2929,8.4741,5.099,5.099,3.7131,2.3686,3.3125,7.1565,7.5819,5.8659,8.7906,7.3187,1.906,4.6368,5.7613,6.3485,8.7677,8.9767,1.8586,8.4698,8.0134,9.4616,7.3106,8.8529,8.7519,3.595,5.099,8.021,6.8321,4.1891,5.099,4.4602,2.6029,8.1943,7.2404,1.7571,1.9618,8.7475,7.7952,8.9746,2.6274,8.8123,6.1213,7.3663,9.2377,6.4597,1.768,8.6542,3.7248,7.5132,8.4142,4.5099,5.099,2.3066,5.099,2.2377,9.0214,5.099,1.8281,8.5889,8.5717,5.7934,7.0961,3.1434,4.5452,5.6324,8.2908,2.7745,8.6261,7.1535,3.2552,6.2228,8.3008,8.9074,5.099,6.6623,7.3265,3.5084,8.265,4.0216,2.379,4.5956,1.8099,8.0703,1.2738,8.7514,1.469,2.6924,5.36,6.3723,1.9491,6.9921,2.539,3.2929,1.7867,5.6129,8.5999,7.4368,1.7035,7.8102,8.6041,8.8872,7.1581,6.1213,2.0998,5.099,7.5842,6.1213,6.1213,2.0416,6.3723,6.5412,8.6288,3.7742,8.7741,8.0306,1.8169,8.8368,8.747,5.457,6.8661,8.2633,3.5716,8.4548],[8.7258,4.7532,4.0728,6.0235,4.4773,2.6996,7.8631,4.0084,5.8012,2.9773,3.4108,2.8679,3.8997,2.3494,3.7005,5.8798,9.069,4.618,4.6975,7.7115,2.7927,6.7687,8.3967,0.0,5.099,5.5143,7.7814,3.6018,5.099,5.099,6.8736,7.7141,7.543,5.8667,3.258,8.1795,2.099,5.4214,8.8873,7.6107,8.5822,6.0053,3.8102,3.7412,8.3414,2.703,4.8827,4.3744,4.1581,3.7251,3.1573,8.9649,5.099,2.6399,5.3325,8.4969,5.099,8.2462,7.583,4.5143,5.6324,8.0229,8.7755,3.508,5.1871,3.3312,7.3435,4.554,9.1579,6.8713,4.7805,5.0186,7.6178,3.4139,6.7358,3.483,2.3673,6.8615,5.099,7.9979,5.099,7.9352,4.7216,5.099,7.952,2.4952,2.5401,6.6832,3.9145,6.6194,8.4225,6.181,4.473,7.694,3.7836,6.3577,7.4089,8.0214,2.5987,3.458,5.099,4.2656,4.0182,7.3916,3.3265,8.7044,7.8912,8.35,8.2586,5.0888,8.1143,2.8114,7.9025,6.9947,8.5592,8.6069,7.8236,5.1244,9.0546,7.7814,7.3817,5.615,2.2252,3.9013,8.6408,4.6546,2.9065,4.1181,3.4351,9.1579,7.9921,5.099,9.3221,9.1579,9.1579,8.0122,8.6069,4.4836,3.4307,6.7154,3.2426,2.4018,8.3044,2.5838,3.499,8.3234,6.2538,3.2638,9.0619,2.8049],[5.099,5.099,5.099,5.099,5.099,5.099,5.099,5.099,5.099,5.099,5.099,5.099,5.099,5.099,5.099,5.099,5.099,5.099,5.099,5.099,5.099,5.099,5.099,5.099,0.0,5.099,5.099,5.099,0.0,0.0,5.099,5.099,5.099,5.099,5.099,5.099,5.099,5.099,5.099,5.099,5.099,5.099,5.099,5.099,5.099,5.099,5.099,5.099,5.099,5.099,5.099,5.099,0.0,5.099,5.099,5.099,0.0,5.099,5.099,5.099,5.099,5.099,5.099,5.099,5.099,5.099,5.099,5.099,5.099,5.099,5.099,5.099,5.099,5.099,5.099,5.099,5.099,5.099,0.0,5.099,0.0,5.099,5.099,0.0,5.099,5.099,5.099,5.099,5.099,5.099,5.099,5.099,5.099,5.099,5.099,5.099,5.099,5.099,5.099,5.099,0.0,5.099,5.099,5.099,5.099,5.099,5.099,5.099,5.099,5.099,5.099,5.099,5.099,5.099,5.099,5.099,5.099,5.099,5.099,5.099,5.099,5.099,5.099,5.099,5.099,5.099,5.099,5.099,5.099,5.099,5.099,0.0,5.099,5.099,5.099,5.099,5.099,5.099,5.099,5.099,5.099,5.099,5.099,5.099,5.099,5.099,5.099,5.099,5.099,5.099],[8.258,5.6406,5.0895,4.5173,6.0561,5.7474,7.1782,5.9817,5.5587,5.3799,4.1924,5.5222,5.1674,5.4741,6.0232,4.7944,7.7795,5.5437,3.7277,6.2603,5.3327,5.0633,7.1235,5.5143,5.099,0.0,7.7861,5.9862,5.099,5.099,5.4315,5.8334,4.9382,5.971,5.0309,7.9849,5.3553,7.1866,6.967,7.6141,5.3857,3.5385,6.4037,5.8181,6.7811,5.3122,6.7667,5.6127,4.6144,5.9324,5.2608,6.5921,5.099,5.1208,6.8245,5.5843,5.099,7.3907,6.0772,6.2364,5.8733,6.5586,6.6726,5.4433,7.3456,5.6316,5.2288,5.8537,8.2637,7.6345,5.9083,5.175,6.7783,3.1283,5.5677,5.3566,4.9834,6.6684,5.099,7.6864,5.099,7.0274,5.6214,5.099,7.0285,5.2198,5.1598,7.2073,4.8273,6.1953,4.6586,5.7453,5.9861,5.59,5.6552,7.7861,7.8792,5.3377,5.424,4.5414,5.099,4.522,4.7127,4.9122,4.6509,5.2672,5.9336,5.6885,7.1544,6.8386,6.8764,5.2265,6.5584,6.3787,7.3504,7.9552,6.7897,5.7713,7.287,7.7861,6.0998,6.4357,5.0087,4.6515,6.8152,6.5079,4.4249,6.1304,4.2168,8.2637,6.9297,5.099,8.0327,8.2637,8.2637,7.0143,7.9552,4.4144,5.3902,4.8271,5.8138,5.2213,6.3874,5.3375,6.3764,4.6297,6.241,4.47,7.9271,5.1413],[7.0493,8.0745,7.6119,7.2389,7.9324,8.0731,1.2152,8.1379,6.9903,8.0994,6.8769,7.5625,8.2337,8.0639,8.1023,8.9781,6.5,8.3458,7.6047,5.7109,8.1416,5.7065,3.2929,7.7814,5.099,7.7861,0.0,8.0939,5.099,5.099,5.0314,4.564,5.9512,7.6768,7.6143,7.1777,7.9504,7.8919,4.0464,2.2169,6.8864,6.8834,8.3174,8.2382,3.2172,7.6536,8.0727,9.2774,7.094,8.0736,7.8698,6.2285,5.099,7.6834,7.6168,6.7527,5.099,6.3849,4.1425,8.0672,7.8591,3.7589,4.8325,7.9324,8.1067,8.113,5.5992,8.2023,6.9041,7.9738,8.8505,7.1379,2.9011,7.8929,4.2806,7.5777,7.636,5.7102,5.099,4.1287,5.099,2.4942,8.432,5.099,1.9649,7.6904,7.6883,6.7706,6.8576,3.6075,5.7476,6.8395,8.0023,5.1493,7.9998,7.5056,4.2263,8.0414,7.5715,8.0915,5.099,6.8135,7.3127,5.9917,7.7726,6.9297,5.3077,6.9381,2.7944,8.3236,2.9919,7.9519,2.8649,3.413,6.5241,6.9998,3.5195,6.9998,5.5474,0.0,3.6947,6.6312,7.7023,7.0194,4.3652,7.8798,7.8118,8.1925,6.7396,6.9041,2.4214,5.099,8.911,6.9041,6.9041,2.0806,6.9998,6.4116,7.9207,5.185,8.0079,7.6571,3.7808,7.9435,8.1344,7.5653,7.4896,7.861,5.9024,7.888],[7.5164,2.2765,2.542,5.7198,2.951,1.7492,8.2177,2.3398,4.944,2.1248,3.0764,5.1622,2.1519,3.0,1.8151,4.8479,8.7479,2.6506,6.0068,6.8438,2.6297,6.2749,8.4741,3.6018,5.099,5.9862,8.0939,0.0,5.099,5.099,7.1167,8.1654,8.3794,3.1743,3.318,5.5439,2.3269,3.071,9.5164,7.8333,8.0808,6.9289,2.066,2.3319,9.1785,4.1113,2.743,3.6782,2.9556,2.7244,3.1024,9.5229,5.099,2.5078,2.6285,7.4374,5.099,8.7746,7.918,3.0659,4.5453,8.7127,9.631,2.8925,3.1704,2.2382,8.7897,2.1779,7.7746,5.5755,2.4204,2.8125,7.3617,3.6488,6.8897,3.7759,3.7181,7.0534,5.099,7.9209,5.099,8.383,2.8865,5.099,8.3518,4.4706,3.6055,6.0398,6.2018,7.6479,8.716,4.3938,1.8158,7.6597,1.6065,6.5997,6.0494,7.7306,4.9136,2.237,5.099,2.8421,3.112,8.633,2.7582,9.424,9.0275,9.0939,8.6827,2.8122,8.2585,2.5023,8.6312,6.6851,8.1729,7.6059,7.6678,7.6318,8.5323,8.0939,8.1175,4.4271,3.9319,2.8706,9.6488,2.7401,2.3219,2.4204,4.0741,7.7746,8.4121,5.099,6.924,7.7746,7.7746,8.4423,7.6059,3.876,1.9753,6.9203,2.7443,3.4135,8.8773,2.5874,3.001,8.6673,4.7269,2.7479,8.0344,1.5001],[5.099,5.099,5.099,5.099,5.099,5.099,5.099,5.099,5.099,5.099,5.099,5.099,5.099,5.099,5.099,5.099,5.099,5.099,5.099,5.099,5.099,5.099,5.099,5.099,0.0,5.099,5.099,5.099,0.0,0.0,5.099,5.099,5.099,5.099,5.099,5.099,5.099,5.099,5.099,5.099,5.099,5.099,5.099,5.099,5.099,5.099,5.099,5.099,5.099,5.099,5.099,5.099,0.0,5.099,5.099,5.099,0.0,5.099,5.099,5.099,5.099,5.099,5.099,5.099,5.099,5.099,5.099,5.099,5.099,5.099,5.099,5.099,5.099,5.099,5.099,5.099,5.099,5.099,0.0,5.099,0.0,5.099,5.099,0.0,5.099,5.099,5.099,5.099,5.099,5.099,5.099,5.099,5.099,5.099,5.099,5.099,5.099,5.099,5.099,5.099,0.0,5.099,5.099,5.099,5.099,5.099,5.099,5.099,5.099,5.099,5.099,5.099,5.099,5.099,5.099,5.099,5.099,5.099,5.099,5.099,5.099,5.099,5.099,5.099,5.099,5.099,5.099,5.099,5.099,5.099,5.099,0.0,5.099,5.099,5.099,5.099,5.099,5.099,5.099,5.099,5.099,5.099,5.099,5.099,5.099,5.099,5.099,5.099,5.099,5.099],[5.099,5.099,5.099,5.099,5.099,5.099,5.099,5.099,5.099,5.099,5.099,5.099,5.099,5.099,5.099,5.099,5.099,5.099,5.099,5.099,5.099,5.099,5.099,5.099,0.0,5.099,5.099,5.099,0.0,0.0,5.099,5.099,5.099,5.099,5.099,5.099,5.099,5.099,5.099,5.099,5.099,5.099,5.099,5.099,5.099,5.099,5.099,5.099,5.099,5.099,5.099,5.099,0.0,5.099,5.099,5.099,0.0,5.099,5.099,5.099,5.099,5.099,5.099,5.099,5.099,5.099,5.099,5.099,5.099,5.099,5.099,5.099,5.099,5.099,5.099,5.099,5.099,5.099,0.0,5.099,0.0,5.099,5.099,0.0,5.099,5.099,5.099,5.099,5.099,5.099,5.099,5.099,5.099,5.099,5.099,5.099,5.099,5.099,5.099,5.099,0.0,5.099,5.099,5.099,5.099,5.099,5.099,5.099,5.099,5.099,5.099,5.099,5.099,5.099,5.099,5.099,5.099,5.099,5.099,5.099,5.099,5.099,5.099,5.099,5.099,5.099,5.099,5.099,5.099,5.099,5.099,0.0,5.099,5.099,5.099,5.099,5.099,5.099,5.099,5.099,5.099,5.099,5.099,5.099,5.099,5.099,5.099,5.099,5.099,5.099],[7.7381,7.115,5.6724,4.8258,6.7625,7.0317,3.8431,6.9903,4.3018,7.0962,4.209,6.6989,7.2448,7.2456,7.0285,8.6366,6.1491,7.7657,4.3837,3.1614,7.4215,1.4612,3.7131,6.8736,5.099,5.4315,5.0314,7.1167,5.099,5.099,0.0,1.3642,1.6034,6.7946,6.1456,7.1871,6.8395,7.1905,3.8486,5.8729,6.3258,4.3554,7.3303,7.3552,3.2762,6.6268,7.2955,9.0511,4.7014,6.9687,6.5456,4.4292,5.099,6.3754,6.8329,4.3956,5.099,5.5724,1.4973,7.7625,8.4175,2.2684,3.5496,6.5823,7.975,7.0103,1.6689,7.3323,7.6123,8.5307,8.0404,4.9291,2.9214,6.7768,1.8531,6.6754,6.5835,5.3692,5.099,4.7958,5.099,2.8071,8.1949,5.099,3.4879,6.5543,6.5574,5.8002,4.5314,2.0372,5.0821,4.4865,6.7214,2.1616,6.6846,7.5401,5.1994,5.3019,6.685,6.8916,5.099,4.0512,5.907,1.6988,5.5329,4.3344,1.8668,4.559,3.7124,8.0605,2.8307,6.627,2.8767,2.475,5.9965,7.4913,2.4535,5.3802,4.8612,5.0314,2.0715,5.1272,6.5369,4.374,3.4574,6.8914,6.6405,7.1694,4.0109,7.6123,3.383,5.099,8.6894,7.6123,7.6123,3.2314,7.4913,3.3788,6.564,1.8921,6.8274,6.4174,2.761,6.7153,7.2157,5.2939,6.9083,5.6262,5.9874,6.6594],[7.2327,8.1411,7.0247,5.2415,7.9438,8.1062,3.116,8.2196,5.4658,8.1843,5.684,7.4271,8.3594,8.1684,8.1673,8.883,5.4781,8.7457,5.3564,3.1848,8.334,2.3671,2.3686,7.7141,5.099,5.8334,4.564,8.1654,5.099,5.099,1.3642,0.0,1.6876,7.5774,7.214,7.107,7.8931,7.9113,2.7987,5.6651,5.8376,4.8783,8.3782,8.4517,2.1613,7.4976,8.2213,9.4938,6.1636,8.0985,7.6962,3.6479,5.099,7.4026,7.3883,4.2019,5.099,5.1265,0.9278,8.3826,8.4748,1.4144,2.3655,7.8277,8.4094,8.1636,2.0417,8.431,7.0257,8.4871,8.8912,6.1737,2.4927,7.6957,2.4095,7.4389,7.4768,4.9686,5.099,4.0029,5.099,2.2523,9.0092,5.099,2.5009,7.5187,7.5172,5.8797,5.5566,2.2226,4.4197,5.6616,7.8513,2.1051,7.9644,7.6558,4.5787,5.3056,7.4327,8.0964,5.099,5.5088,6.3939,2.0566,6.8044,3.7607,1.1264,3.9673,2.7673,8.7264,1.7913,7.8167,1.6601,2.3903,5.4364,7.0832,1.9952,6.1962,3.7175,4.564,1.3097,5.6737,7.527,5.8645,2.3821,7.791,7.6656,8.32,5.3661,7.0257,2.4768,5.099,8.099,7.0257,7.0257,2.25,7.0832,4.8661,7.7536,2.2889,7.9889,7.3396,1.5033,7.8387,8.2559,4.9129,7.3845,7.017,5.0615,7.7486],[6.9451,8.5866,6.6787,4.8993,7.9024,8.2474,4.3811,8.3795,4.9555,8.2047,5.8065,7.2785,8.4095,8.2897,8.3347,7.7565,4.0369,8.948,4.0889,3.812,8.529,2.0488,3.3125,7.543,5.099,4.9382,5.9512,8.3794,5.099,5.099,1.6034,1.6876,0.0,7.6076,6.9399,7.3635,7.8726,8.3681,2.9476,6.3648,4.6927,3.732,8.6486,8.6753,3.0705,7.3337,8.5958,8.1889,6.47,8.2152,7.6214,2.6081,5.099,7.1447,8.3287,3.6269,5.099,3.6181,1.9726,9.2933,7.5581,2.3404,2.209,7.7555,9.0547,8.278,1.4812,8.5601,6.9909,7.1753,9.1328,6.6586,3.1833,6.9296,2.681,7.2891,7.3069,4.6468,5.099,3.8814,5.099,3.2743,9.3196,5.099,3.9008,7.3375,7.3366,5.9978,4.9406,2.8878,4.3686,5.3451,8.1515,2.3594,7.9691,7.0034,6.1757,4.0692,7.2807,7.857,5.099,4.9741,6.5656,1.1508,6.2991,2.7978,1.2179,2.5875,3.5888,9.233,2.9855,7.7713,3.041,3.3723,4.4792,7.1792,2.7815,5.4387,3.8744,5.9512,2.9509,6.3627,7.3423,5.851,2.5338,8.4952,7.3467,8.56,4.8009,6.9909,3.806,5.099,7.1313,6.9909,6.9909,3.7206,7.1792,4.2628,7.7986,1.8774,7.9952,7.6472,2.6453,7.7827,8.5544,3.7802,7.3783,6.7586,4.2788,7.6418],[5.7478,4.0102,4.0062,5.662,3.7492,4.9749,7.744,4.5624,4.5712,4.8914,4.7778,6.3904,3.9424,5.9809,4.677,5.6413,6.4297,4.4667,6.3868,6.7395,5.1326,6.1396,7.1565,5.8667,5.099,5.971,7.6768,3.1743,5.099,5.099,6.7946,7.5774,7.6076,0.0,1.7543,3.9647,5.3019,3.4138,8.0072,7.5368,7.2548,6.5572,4.4143,4.1686,8.1787,6.3889,3.5724,5.5213,4.5262,5.3782,4.7547,7.5371,5.099,2.4175,3.5006,6.4493,5.099,5.6905,7.4321,4.7391,4.9429,7.6445,7.9679,4.3578,4.3573,4.7261,8.0113,3.9147,6.7132,3.9841,4.8111,3.6233,6.8174,5.3338,6.3855,2.079,4.5556,6.7518,5.099,6.8071,5.099,7.797,4.7112,5.099,7.8173,5.5392,5.4753,4.8168,5.8652,6.8094,7.9084,4.5232,3.6983,6.7025,4.3384,5.0283,5.4511,6.8887,6.417,4.5383,5.099,3.9162,4.5313,7.5708,4.8289,8.1275,7.9472,8.2298,7.256,3.9662,7.4803,4.3556,7.946,6.4187,6.3616,6.87,7.1747,7.0276,6.1919,7.6768,7.5474,3.8616,5.2919,5.0159,8.0833,4.1867,2.9302,4.6281,5.1564,6.7132,7.8504,5.099,6.2326,6.7132,6.7132,7.867,6.87,5.3162,4.7455,6.0479,5.3899,5.8811,8.109,5.0412,5.2201,7.9473,2.8868,4.4413,5.9576,3.1102],[7.0784,3.3858,2.5477,5.0253,2.8891,3.1281,7.6728,3.2388,3.7155,3.2907,2.5949,3.839,2.9087,3.3054,3.5636,5.7647,8.3809,3.6938,4.4122,6.3996,3.017,5.5518,7.5819,3.258,5.099,5.0309,7.6143,3.318,5.099,5.099,6.1456,7.214,6.9399,1.7543,0.0,4.9541,2.8208,4.1083,8.3295,7.4928,8.1861,5.8214,3.8686,3.0086,8.0402,3.3351,3.8811,5.9454,2.9718,3.7669,2.3809,8.5564,5.099,2.2451,3.7386,6.5154,5.099,8.7034,7.0761,4.5635,6.4459,7.4803,8.5648,2.5615,5.0945,3.0272,6.9206,3.35,7.2893,6.5902,4.2279,3.2693,6.713,3.1381,5.9263,2.426,2.4031,7.796,5.099,7.7745,5.099,7.5708,4.5667,5.099,7.7366,2.8603,2.609,6.531,3.7385,6.294,7.9135,3.5192,3.1674,6.4221,3.0024,7.6151,5.9519,6.7351,3.5981,2.8606,5.099,3.095,3.827,6.9952,2.6454,8.5103,7.567,8.7223,7.793,4.3362,7.3909,2.4645,7.685,6.1982,7.6172,7.2631,6.9527,6.3838,7.4731,7.6143,7.0559,4.5115,2.4493,2.8207,8.6033,4.0845,1.5576,3.3388,2.8437,7.2893,7.7654,5.099,7.0903,7.2893,7.2893,7.7799,7.2631,3.8162,2.7992,5.4564,3.4463,3.7422,7.9913,2.536,4.3258,8.2852,3.2666,2.4158,7.4723,2.0474],[3.0985,5.5072,6.4626,5.5449,5.7889,7.5884,7.1727,6.6492,5.3986,7.8076,6.861,9.4277,5.7382,8.3191,7.082,6.3865,3.6189,6.4431,8.3943,5.4453,7.9855,5.8131,5.8659,8.1795,5.099,7.9849,7.1777,5.5439,5.099,5.099,7.1871,7.107,7.3635,3.9647,4.9541,0.0,8.2175,3.7007,6.3551,7.188,5.225,7.4947,6.5674,6.6409,6.8971,8.8836,5.1311,6.6707,6.4866,7.5811,7.3437,5.5409,5.099,5.7476,3.9795,4.31,5.099,2.886,6.922,5.8071,4.1716,6.5859,5.9215,6.8552,4.5555,7.3593,6.5492,5.9104,4.2533,3.0032,6.4586,4.5713,5.9452,8.2705,6.8856,5.2851,8.0336,4.2944,5.099,4.472,5.099,7.0736,6.5138,5.099,7.1671,8.7542,8.7461,4.7115,8.9496,7.4144,6.522,3.3317,5.5795,6.2728,6.368,5.5915,4.2241,6.0181,9.4281,7.3248,5.099,5.5061,6.4813,7.1051,7.34,5.853,6.5776,5.1493,6.102,4.3559,6.4592,6.9171,7.0608,6.0561,4.7262,5.1323,6.0178,7.6897,3.9031,7.1777,7.0512,4.3129,8.7509,7.297,6.0045,5.2886,6.2646,6.6808,7.6381,4.2533,7.1646,5.099,4.393,4.2533,4.2533,7.1634,5.1323,6.9726,7.4232,6.2962,7.7667,7.854,7.221,7.7154,7.0987,6.0,3.1008,6.7503,3.0635,5.6839],[8.7519,3.4264,3.0007,6.2325,3.8243,1.053,8.0551,2.3555,6.0212,1.3694,2.3468,2.9059,2.6022,1.2439,2.3671,5.6224,9.8147,3.069,4.9772,7.4485,1.2203,6.6081,8.7906,2.099,5.099,5.3553,7.9504,2.3269,5.099,5.099,6.8395,7.8931,7.8726,5.3019,2.8208,8.2175,0.0,5.5636,9.3627,7.7308,8.8622,6.5867,3.0168,2.3339,8.8037,2.4019,4.3548,4.3256,2.8403,2.2722,2.5089,9.641,5.099,2.4335,5.4445,8.302,5.099,9.3141,7.6968,4.3787,6.1204,8.4021,9.5023,2.7779,5.1823,1.5701,8.0228,3.0631,8.974,7.4033,3.601,3.7414,7.7692,2.9078,6.5343,3.477,2.3,7.8796,5.099,8.7441,5.099,8.1639,3.7231,5.099,8.1688,2.2291,2.14,7.3542,5.0183,7.1182,8.7983,5.2616,3.0322,7.4774,2.4024,7.0811,7.853,8.3784,2.6558,2.066,5.099,3.3017,3.4098,8.0339,2.1252,9.4853,8.5193,9.3756,8.7463,4.9707,8.2752,1.3593,8.3109,7.0952,9.2661,8.4716,7.8318,6.2879,9.5854,7.9504,7.7231,5.9907,1.9419,2.5492,9.4142,4.1745,2.176,2.4974,2.9718,8.974,8.2199,5.099,8.9047,8.974,8.974,8.2455,8.4716,3.7007,1.9222,6.8776,1.8648,2.2916,8.6162,1.2286,2.8582,8.9244,5.873,2.0793,9.494,1.5252],[5.5758,1.9501,3.1492,5.328,2.3788,4.8263,7.9887,3.4135,3.8585,4.8431,3.8963,7.4622,2.389,5.467,3.7538,4.5319,6.7224,3.3525,7.2723,6.1108,5.3905,5.6784,7.3187,5.4214,5.099,7.1866,7.8919,3.071,5.099,5.099,7.1905,7.9113,8.3681,3.4138,4.1083,3.7007,5.5636,0.0,8.2599,7.6892,6.7367,7.0811,3.1098,3.5294,8.4052,6.6325,2.6169,3.7901,3.4912,4.5224,4.0497,7.6209,5.099,5.0167,1.225,6.3451,5.099,5.9252,7.5751,2.3659,1.4961,8.2669,8.0638,3.5087,1.1878,4.3495,8.3482,2.5952,6.7355,2.5563,3.2725,2.5926,6.6958,5.7236,7.072,5.8999,6.4941,3.9523,5.099,5.692,5.099,7.9893,3.5233,5.099,8.0938,6.4046,6.2906,3.6367,7.9343,8.0605,7.9857,2.9337,2.571,7.6532,2.7221,4.4456,4.9696,7.0918,7.5273,4.378,5.099,3.1384,4.5334,8.622